vin: tew3t3jwf8wf3f90jowj
gpsPosition:
  lat: 3.396887137948883
  lon: 3.284554152400397
mileage:
  city: 144
  autobahn: 125
  country: 307
fillLevels:
  fuel: 71
  coolant: 46
  brakeFluid: 70
  washingWater: 82
embt: 71
lightOperatingHours: 127.11754851718173
tirePressure: 1.5290973413620383
teperature: 12
nodsa: 62
nomi: 55
sblc: 133
