vin: vw00t3jwf8wf3f90jowj
gpsPosition:
  lat: 1.1990417479913773
  lon: 3.4944279013041046
mileage:
  city: 29
  autobahn: 43
  country: 46
fillLevels:
  fuel: 74
  coolant: 89
  brakeFluid: 90
  washingWater: 89
embt: 7
lightOperatingHours: 4.440811428723041
tirePressure: 0.49633716817741913
teperature: 12
nodsa: 9
nomi: 2
sblc: 3
